1.4296082992128711e-05
1.4293581621954907e-05
1.4291080689333847e-05
1.4288580194342587e-05
1.4286080136952775e-05
1.4283580516923681e-05
1.428108133417825e-05
1.4278582588890944e-05
1.4276084280718294e-05
1.427358640954266e-05
1.4271088975404628e-05
1.4268591978337999e-05
1.426609541816565e-05
1.4263599294990314e-05
1.4261103608319872e-05
1.4258608358620761e-05
1.4256113545234515e-05
1.425361916840453e-05
1.4251125228030734e-05
1.4248631724018504e-05
1.4246138656344822e-05
1.4243646024789315e-05
1.4241153829351976e-05
1.4238662069981443e-05
1.423617074656007e-05
1.423367985925687e-05
1.4231189407682455e-05
1.4228699391813805e-05
1.4226209811625238e-05
1.4223720666845006e-05
1.4221231958036956e-05
1.4218743684327573e-05
1.4216255846077897e-05
1.4213768443287924e-05
1.4211281475424943e-05
1.4208794942778272e-05
1.4206308845227605e-05
1.4203823182747254e-05
1.420133795511951e-05
1.4198853162201048e-05
1.419636880432722e-05
1.419388488086791e-05
1.4191401392115214e-05
1.4188918338189442e-05
1.4186435718340168e-05
1.4183953532854044e-05
1.4181471781854157e-05
1.417899046493077e-05
1.4176509582444918e-05
1.4174029133935495e-05
1.4171549119279527e-05
1.4169069538430979e-05
1.4166590391604894e-05
1.4164111678829626e-05
1.4161633399421021e-05
1.415915555369953e-05
1.4156678141293333e-05
1.4154201162717574e-05
1.4151724617634234e-05
1.4149248505479469e-05
1.4146772826665684e-05
1.414429758112394e-05
1.4141822768536455e-05
1.413934838919533e-05
1.4136874442639453e-05
1.413440092876609e-05
1.4131927847921371e-05
1.4129455199859238e-05
1.4126982984169951e-05
1.4124511201455274e-05
1.412203985091875e-05
1.4119568932678016e-05
1.4117098446830483e-05
1.411462839354782e-05
1.4112158772271636e-05
1.4109689583047846e-05
1.4107220826022562e-05
1.4104752500516964e-05
1.4102284607404562e-05
1.4099817145980853e-05
1.4097350116125535e-05
1.4094883517930559e-05
1.4092417351329655e-05
1.4089951616440465e-05
1.4087486312630203e-05
1.408502144038833e-05
1.4082556999199702e-05
1.4080092989579464e-05
1.407762941084346e-05
1.4075166263263441e-05
1.4072703546541973e-05
1.4070241260730426e-05
1.406777940599781e-05
1.4065317981593701e-05
1.4062856987996775e-05
1.4060396425166447e-05
1.4057936292833635e-05
1.4055476590700907e-05
1.4053017319334778e-05
1.4050558477951021e-05
1.4048100066893106e-05
1.4045642086112329e-05
1.4043184535196286e-05
1.4040727414337005e-05
1.4038270723291088e-05
1.4035814462107237e-05
1.403335863103152e-05
1.4030903229405463e-05
1.4028448257349376e-05
1.402599371476597e-05
1.4023539601852604e-05
1.4021085918168523e-05
1.40186326641288e-05
1.401617983910065e-05
1.4013727443058388e-05
1.4011275476345484e-05
1.4008823938544081e-05
1.4006372829633947e-05
1.4003922149709704e-05
1.4001471898602338e-05
1.3999022076286169e-05
1.3996572682423179e-05
1.3994123717107988e-05
1.3991675180438005e-05
1.3989227072098107e-05
1.3986779392016694e-05
1.3984332140531789e-05
1.39818853170106e-05
1.3979438921455799e-05
1.3976992954082428e-05
1.397454741486747e-05
1.3972102303498595e-05
1.3969657619681036e-05
1.3967213363827195e-05
1.3964769535447616e-05
1.396232613474511e-05
1.395988316171156e-05
1.3957440616134702e-05
1.3954998497619704e-05
1.3952556806487009e-05
1.395011554292865e-05
1.3947674706094131e-05
1.394523429659055e-05
1.3942794313836493e-05
1.3940354758192995e-05
1.3937915629273337e-05
1.3935476927295231e-05
1.393303865189764e-05
1.3930600803198206e-05
1.3928163381196924e-05
1.3925726385261017e-05
1.3923289815928645e-05
1.3920853672830653e-05
1.3918417956287492e-05
1.3915982665615012e-05
1.3913547801276983e-05
1.3911113362809634e-05
1.390867935029002e-05
1.3906245763589715e-05
1.3903812602785774e-05
1.390137986770919e-05
1.3898947558282906e-05
1.3896515674314899e-05
1.389408421604856e-05
1.3891653182994435e-05
1.3889222575472972e-05
1.388679239321509e-05
1.3884362636000414e-05
1.3881933304318398e-05
1.3879504397436191e-05
1.3877075915428179e-05
1.3874647858219973e-05
1.3872220226272686e-05
1.3869793018838555e-05
1.3867366235932487e-05
1.3864939877951984e-05
1.38625139443819e-05
1.3860088435222239e-05
1.3857663350524366e-05
1.3855238689990857e-05
1.3852814453944818e-05
1.3850390641945501e-05
1.384796725406184e-05
1.3845544290107258e-05
1.3843121750268332e-05
1.3840699634086742e-05
1.3838277941659768e-05
1.3835856673084823e-05
1.3833435828236147e-05
1.3831015406878463e-05
1.382859540907804e-05
1.3826175834668534e-05
1.3823756683570228e-05
1.3821337955793903e-05
1.381891965130576e-05
1.3816501769819148e-05
1.3814084311500412e-05
1.381166727593981e-05
1.3809250663378074e-05
1.38068344737178e-05
1.38044187068617e-05
1.3802003362594726e-05
1.3799588440814141e-05
1.3797173941837728e-05
1.3794759865012355e-05
1.3792346210865397e-05
1.3789932978892498e-05
1.3787520169093653e-05
1.3785107781660893e-05
1.3782695816302117e-05
1.3780284272922705e-05
1.3777873151345528e-05
1.3775462451847791e-05
1.3773052173960261e-05
1.3770642317880421e-05
1.376823288346216e-05
1.3765823870533804e-05
1.3763415279118373e-05
1.3761007109244214e-05
1.375859936091133e-05
1.3756192033409883e-05
1.3753785127229334e-05
1.3751378642538689e-05
1.3748972578510474e-05
1.3746566935634147e-05
1.3744161713566238e-05
1.3741756912452858e-05
1.3739352532173582e-05
1.3736948572387727e-05
1.37345450332643e-05
1.3732141914803304e-05
1.3729739216810043e-05
1.372733693887478e-05
1.372493508159928e-05
1.3722533644573804e-05
1.3720132627678048e-05
1.3717732030763235e-05
1.3715331854121465e-05
1.3712932097265947e-05
1.3710532760345454e-05
1.370813384321121e-05
1.3705735345886237e-05
1.3703337268278576e-05
1.370093961006778e-05
1.3698542371397174e-05
1.3696145552249187e-05
1.3693749152254668e-05
1.369135317192343e-05
1.3688957610628018e-05
1.3686562468240013e-05
1.368416774532326e-05
1.3681773441027265e-05
1.367937955593344e-05
1.3676986089847095e-05
1.367459304235582e-05
1.3672200413654314e-05
1.36698082033275e-05
1.3667416411739088e-05
1.366502503879445e-05
1.366263408403248e-05
1.366024354767089e-05
1.3657853429632626e-05
1.365546372977703e-05
1.3653074447906744e-05
1.3650685584193442e-05
1.3648297138391061e-05
1.3645909110599674e-05
1.3643521500770578e-05
1.3641134308245303e-05
1.363874753375671e-05
1.3636361176984343e-05
1.3633975237272403e-05
1.3631589715402448e-05
1.3629204610810635e-05
1.3626819923791723e-05
1.3624435653712934e-05
1.3622051800937969e-05
1.3619668365297817e-05
1.361728534654642e-05
1.3614902744760828e-05
1.3612520559889675e-05
1.3610138791958642e-05
1.3607757440455253e-05
1.3605376505863637e-05
1.3602995987851105e-05
1.3600615886532636e-05
1.3598236201278106e-05
1.3595856932574316e-05
1.359347808007779e-05
1.3591099643962992e-05
1.3588721623835082e-05
1.3586344019871187e-05
1.3583966832137581e-05
1.3581590060104213e-05
1.3579213703745402e-05
1.3576837763422184e-05
1.3574462238799208e-05
1.3572087129656095e-05
1.356971243613617e-05
1.3567338158316487e-05
1.3564964295730603e-05
1.3562590848650269e-05
1.3560217816780716e-05
1.3557845199927256e-05
1.355547299833328e-05
1.355310121199879e-05
1.3550729840436993e-05
1.3548358883822348e-05
1.354598834219811e-05
1.3543618215151872e-05
1.3541248503001418e-05
1.3538879205234271e-05
1.3536510322314206e-05
1.3534141853582753e-05
1.3531773799503692e-05
1.3529406159587556e-05
1.352703893393709e-05
1.3524672122667264e-05
1.352230572536834e-05
1.3519939741868644e-05
1.3517574172557564e-05
1.3515209017266086e-05
1.3512844275799522e-05
1.3510479948109168e-05
1.3508116033754267e-05
1.3505752533393287e-05
1.3503389446419128e-05
1.350102677285748e-05
1.3498664513043689e-05
1.3496302666204315e-05
1.3493941232482685e-05
1.3491580212119527e-05
1.3489219604999866e-05
1.3486859410754553e-05
1.3484499629529693e-05
1.3482140261253567e-05
1.3479781305731483e-05
1.3477422762912068e-05
1.3475064632846696e-05
1.34727069152893e-05
1.3470349610291253e-05
1.3467992717609156e-05
1.3465636237509425e-05
1.3463280169725644e-05
1.3460924514011752e-05
1.3458569270662514e-05
1.3456214439239841e-05
1.3453860019887057e-05
1.3451506012460839e-05
1.344915241720458e-05
1.34467992331934e-05
1.3444446461544208e-05
1.3442094101140096e-05
1.3439742152416487e-05
1.3437390615281423e-05
1.3435039489314387e-05
1.343268877510224e-05
1.3430338471966163e-05
1.3427988580341581e-05
1.3425639099521322e-05
1.3423290029825836e-05
1.3420941371421467e-05
1.3418593123629395e-05
1.341624528695943e-05
1.3413897861001832e-05
1.3411550845771507e-05
1.3409204241302253e-05
1.340685804727362e-05
1.3404512263611222e-05
1.3402166890489519e-05
1.339982192778275e-05
1.3397477375542291e-05
1.3395133233304363e-05
1.3392789501338049e-05
1.3390446179448655e-05
1.3388103267292713e-05
1.3385760765626095e-05
1.338341867332923e-05
1.3381076991134967e-05
1.3378735718310453e-05
1.3376394855537178e-05
1.3374054402107967e-05
1.3371714358148577e-05
1.336937472377665e-05
1.3367035498605465e-05
1.3364696683047425e-05
1.3362358276495435e-05
1.3360020278923808e-05
1.3357682690527235e-05
1.335534551132874e-05
1.3353008740749575e-05
1.3350672379368484e-05
1.3348336426480963e-05
1.33460008824535e-05
1.334366574721171e-05
1.334133102046349e-05
1.3338996702111554e-05
1.3336662792107199e-05
1.3334329290719505e-05
1.333199619753607e-05
1.3329663512600144e-05
1.3327331235427719e-05
1.3324999366923325e-05
1.332266790625137e-05
1.3320336853345583e-05
1.3318006208372306e-05
1.3315675971139514e-05
1.3313346141695906e-05
1.3311016719967096e-05
1.3308687705514997e-05
1.3306359098875103e-05
1.3304030899488898e-05
1.3301703107645819e-05
1.329937572291044e-05
1.3297048745474789e-05
1.329472217524691e-05
1.3292396012075363e-05
1.3290070255985835e-05
1.3287744906588933e-05
1.3285419964348437e-05
1.328309542853149e-05
1.3280771299701938e-05
1.3278447577464944e-05
1.327612426175157e-05
1.3273801352756511e-05
1.3271478850090382e-05
1.3269156753630088e-05
1.3266835063642048e-05
1.3264513779713854e-05
1.3262192902114588e-05
1.3259872430331774e-05
1.3257552364877887e-05
1.3255232705214769e-05
1.3252913451442486e-05
1.3250594603535361e-05
1.324827616132438e-05
1.3245958124929852e-05
1.3243640493793377e-05
1.3241323268227292e-05
1.3239006448136975e-05
1.3236690033550778e-05
1.3234374024071194e-05
1.3232058419924056e-05
1.3229743221034973e-05
1.3227428427134864e-05
1.3225114038441445e-05
1.3222800054347614e-05
1.3220486475073748e-05
1.3218173301055274e-05
1.3215860531470047e-05
1.321354816643304e-05
1.3211236206459395e-05
1.3208924650621566e-05
1.3206613499240003e-05
1.320430275223765e-05
1.3201992409617174e-05
1.3199682471424616e-05
1.3197372937150158e-05
1.3195063806968264e-05
1.3192755080922186e-05
1.319044675876586e-05
1.31881388407021e-05
1.3185831326167056e-05
1.3183524215404125e-05
1.3181217508413307e-05
1.317891120505128e-05
1.31766053051666e-05
1.3174299808885025e-05
1.3171994715768465e-05
1.3169690025960247e-05
1.3167385739703762e-05
1.3165081856199889e-05
1.3162778376078743e-05
1.3160475299071244e-05
1.3158172624816355e-05
1.3155870353480418e-05
1.3153568485114805e-05
1.315126701942475e-05
1.3148965956241242e-05
1.314666529607676e-05
1.3144365038201116e-05
1.3142065182806336e-05
1.3139765729966804e-05
1.3137466679195733e-05
1.3135168030762204e-05
1.3132869784640527e-05
1.3130571940392617e-05
1.3128274498674274e-05
1.3125977458442977e-05
1.312368082030316e-05
1.3121384584037105e-05
1.3119088749550197e-05
1.311679331664229e-05
1.3114498285682535e-05
1.3112203655938082e-05
1.3109909427729372e-05
1.3107615600979362e-05
1.31053221757651e-05
1.3103029151766135e-05
1.3100736528813463e-05
1.3098444307150474e-05
1.3096152486264697e-05
1.309386106676868e-05
1.3091570048075554e-05
1.3089279430208342e-05
1.3086989212923646e-05
1.308469939659062e-05
1.308240998084011e-05
1.308012096560318e-05
1.3077832350948765e-05
1.3075544136951257e-05
1.3073256322760157e-05
1.3070968909469355e-05
1.306868189612829e-05
1.3066395282788326e-05
1.3064109069933592e-05
1.3061823256641873e-05
1.3059537843643356e-05
1.305725283032549e-05
1.3054968216885756e-05
1.3052684003303802e-05
1.3050400189087501e-05
1.3048116774600558e-05
1.304583375979972e-05
1.3043551144146821e-05
1.3041268928297668e-05
1.3038987111427448e-05
1.3036705693974253e-05
1.3034424675666333e-05
1.303214405658341e-05
1.3029863836256378e-05
1.3027584014833893e-05
1.3025304592656756e-05
1.3023025569189473e-05
1.3020746944555133e-05
1.3018468718435953e-05
1.3016190890880636e-05
1.3013913462132582e-05
1.3011636431656289e-05
1.3009359799792562e-05
1.3007083565980222e-05
1.3004807730637124e-05
1.3002532293345413e-05
1.3000257254422872e-05
1.2997982613431412e-05
1.29957083704224e-05
1.2993434525462111e-05
1.299116107804618e-05
1.2988888028779043e-05
1.2986615377030582e-05
1.2984343122775111e-05
1.2982071266499425e-05
1.2979799807304325e-05
1.2977528745819927e-05
1.2975258081364748e-05
1.2972987814476948e-05
1.2970717944887447e-05
1.2968448472427235e-05
1.2966179397070627e-05
1.2963910718743236e-05
1.2961642437130065e-05
1.2959374552571796e-05
1.2957107064779116e-05
1.2954839973795273e-05
1.2952573279282253e-05
1.2950306981678148e-05
1.2948041080327152e-05
1.2945775575446978e-05
1.2943510467255337e-05
1.294124575504773e-05
1.2938981439216321e-05
1.2936717519560971e-05
1.293445399618175e-05
1.2932190868691938e-05
1.2929928137209174e-05
1.2927665801538768e-05
1.292540386180647e-05
1.292314231778646e-05
1.292088116953555e-05
1.2918620416879284e-05
1.2916360059840683e-05
1.2914100098176347e-05
1.2911840532229746e-05
1.290958136127069e-05
1.2907322585929296e-05
1.290506420535507e-05
1.2902806220252518e-05
1.2900548630163194e-05
1.2898291435058751e-05
1.2896034634964874e-05
1.2893778229686865e-05
1.2891522219150341e-05
1.2889266603481057e-05
1.2887011382407267e-05
1.2884756556126331e-05
1.2882502124002797e-05
1.2880248086477423e-05
1.2877994443252776e-05
1.287574119453167e-05
1.2873488339919265e-05
1.2871235879733344e-05
1.286898381324372e-05
1.2866732141154896e-05
1.2864480862888124e-05
1.2862229978753072e-05
1.2859979487899246e-05
1.2857729391523273e-05
1.2855479688233834e-05
1.2853230378858401e-05
1.2850981463133347e-05
1.2848732940715205e-05
1.2846484811795996e-05
1.2844237076014691e-05
1.284198973380671e-05
1.2839742784762316e-05
1.283749622883014e-05
1.2835250065933123e-05
1.2833004296053705e-05
1.283075891909181e-05
1.2828513935216446e-05
1.2826269343651509e-05
1.2824025145221806e-05
1.2821781339540619e-05
1.2819537926313182e-05
1.2817294905370487e-05
1.2815052277250695e-05
1.2812810041341253e-05
1.2810568197713888e-05
1.2808326746617327e-05
1.2806085687390435e-05
1.2803845020448286e-05
1.2801604745401491e-05
1.2799364862470427e-05
1.2797125371334648e-05
1.2794886272194295e-05
1.2792647564631512e-05
1.2790409248938402e-05
1.2788171324776943e-05
1.2785933792218739e-05
1.2783696651384217e-05
1.2781459901789249e-05
1.2779223543408147e-05
1.2776987576286954e-05
1.277475200070008e-05
1.2772516816081012e-05
1.277028202255551e-05
1.2768047620266893e-05
1.2765813608533678e-05
1.2763579988163109e-05
1.2761346758178934e-05
1.2759113918967871e-05
1.2756881470655681e-05
1.2754649412973279e-05
1.2752417745677271e-05
1.2750186468985369e-05
1.2747955582559553e-05
1.2745725086494448e-05
1.2743494980669746e-05
1.2741265265036743e-05
1.273903593966983e-05
1.2736807004468933e-05
1.2734578458852638e-05
1.2732350303399692e-05
1.273012253780043e-05
1.2727895162198175e-05
1.2725668175960144e-05
1.2723441579524428e-05
1.2721215372621946e-05
1.2718989555375786e-05
1.2716764127470835e-05
1.2714539088878739e-05
1.2712314439699569e-05
1.2710090179715615e-05
1.2707866308901194e-05
1.2705642827450998e-05
1.2703419734780947e-05
1.2701197031231724e-05
1.2698974716462646e-05
1.2696752790373643e-05
1.2694531253259477e-05
1.2692310104733428e-05
1.2690089345130851e-05
1.2687868973921698e-05
1.2685648990954528e-05
1.2683429396793188e-05
1.2681210190922535e-05
1.2678991373227596e-05
1.2676772943602964e-05
1.2674554902566453e-05
1.267233724921353e-05
1.2670119983933581e-05
1.2667903106606304e-05
1.2665686617621082e-05
1.266347051595841e-05
1.266125480214834e-05
1.2659039476021856e-05
1.2656824537435638e-05
1.265460998653301e-05
1.2652395823170644e-05
1.2650182047053778e-05
1.2647968658502863e-05
1.2645755656977069e-05
1.2643543042696775e-05
1.2641330815787736e-05
1.2639118975491416e-05
1.2636907522658306e-05
1.263469645656367e-05
1.2632485777302127e-05
1.263027548484533e-05
1.2628065579370402e-05
1.2625856060316164e-05
1.2623646927679948e-05
1.2621438181922868e-05
1.2619229822491854e-05
1.2617021849378792e-05
1.261481426283253e-05
1.2612607062243182e-05
1.2610400247951554e-05
1.2608193819883256e-05
1.2605987777820576e-05
1.2603782121617528e-05
1.2601576851637809e-05
1.259937196732569e-05
1.2597167468578437e-05
1.2594963355885505e-05
1.259275962883449e-05
1.2590556287205016e-05
1.2588353331140403e-05
1.2586150760692024e-05
1.2583948575496178e-05
1.2581746775452788e-05
1.2579545360856624e-05
1.2577344331435936e-05
1.2575143687024383e-05
1.257294342759628e-05
1.2570743553369339e-05
1.2568544063931157e-05
1.2566344959038332e-05
1.2564146239320987e-05
1.256194790422339e-05
1.2559749953771225e-05
1.2557552387813053e-05
1.2555355206448945e-05
1.2553158409653215e-05
1.2550961996795749e-05
1.2548765968532344e-05
1.254657032459126e-05
1.254437506468851e-05
1.2542180188867344e-05
1.2539985697004797e-05
1.2537791589375277e-05
1.2535597865386588e-05
1.253340452541055e-05
1.2531211569149731e-05
1.2529018996581113e-05
1.2526826807830451e-05
1.2524635002382605e-05
1.2522443580432264e-05
1.2520252542105189e-05
1.251806188700654e-05
1.2515871615041696e-05
1.2513681726648749e-05
1.251149222131522e-05
1.2509303098946486e-05
1.2507114359637171e-05
1.2504926003435978e-05
1.25027380299305e-05
1.250055043938982e-05
1.2498363231544858e-05
1.2496176406369926e-05
1.2493989963865026e-05
1.2491803903886831e-05
1.2489618226552988e-05
1.2487432931551156e-05
1.2485248018781268e-05
1.2483063488343393e-05
1.2480879340137463e-05
1.2478695574286564e-05
1.2476512190449898e-05
1.2474329188455786e-05
1.247214656857331e-05
1.2469964330559076e-05
1.2467782474169686e-05
1.246560099986625e-05
1.2463419906992963e-05
1.2461239195987918e-05
1.2459058866461727e-05
1.2456878918340003e-05
1.2454699351453738e-05
1.2452520166241018e-05
1.2450341362212388e-05
1.2448162939275894e-05
1.2445984897792568e-05
1.2443807237301303e-05
1.2441629957656111e-05
1.2439453059220693e-05
1.2437276541362267e-05
1.2435100404644675e-05
1.2432924648429688e-05
1.2430749273035089e-05
1.2428574278343238e-05
1.2426399663959296e-05
1.2424225430226733e-05
1.2422051577071162e-05
1.2419878104180247e-05
1.2417705011207859e-05
1.2415532298886847e-05
1.2413359966730424e-05
1.241118801456691e-05
1.240901644237329e-05
1.240684524995487e-05
1.2404674437555047e-05
1.2402504005048063e-05
1.2400333952442036e-05
1.2398164279316442e-05
1.239599498579704e-05
1.2393826072075857e-05
1.239165753771747e-05
1.2389489382619138e-05
1.2387321607201387e-05
1.2385154210656972e-05
1.2382987193910774e-05
1.2380820555868905e-05
1.2378654296992472e-05
1.2376488417309826e-05
1.2374322916328841e-05
1.2372157794490273e-05
1.2369993051135658e-05
1.236782868697216e-05
1.2365664701318299e-05
1.2363501094197091e-05
1.2361337865828916e-05
1.2359175015752661e-05
1.2357012544452456e-05
1.2354850451198114e-05
1.2352688736502109e-05
1.2350527399657272e-05
1.2348366441396455e-05
1.2346205860792117e-05
1.234404565872043e-05
1.2341885834382271e-05
1.2339726387843912e-05
1.23375673190621e-05
1.233540862837485e-05
1.233325031536976e-05
1.2331092379852138e-05
1.2328934821796296e-05
1.2326777641471316e-05
1.2324620838390406e-05
1.2322464412771277e-05
1.2320308364444923e-05
1.231815269341134e-05
1.231599739940145e-05
1.2313842482658649e-05
1.2311687942990908e-05
1.230953378020087e-05
1.2307379994434523e-05
1.2305226585353851e-05
1.230307355310218e-05
1.2300920897510498e-05
1.229876861872213e-05
1.2296616716424745e-05
1.229446519078735e-05
1.2292314041371855e-05
1.2290163268564981e-05
1.2288012871836685e-05
1.228586285144793e-05
1.2283713207135085e-05
1.2281563939238835e-05
1.2279415047418496e-05
1.2277266531164257e-05
1.2275118391346963e-05
1.2272970626926762e-05
1.2270823238531102e-05
1.2268676225750246e-05
1.2266529588750536e-05
1.2264383327339944e-05
1.226223744137248e-05
1.2260091930750738e-05
1.2257946795984529e-05
1.2255802036174657e-05
1.2253657651733524e-05
1.2251513642492126e-05
1.2249370008255765e-05
1.2247226749362462e-05
1.2245083865087477e-05
1.2242941356155546e-05
1.2240799221764885e-05
1.2238657462184567e-05
1.2236516077586269e-05
1.2234375067529237e-05
1.2232234432231181e-05
1.223009417130805e-05
1.2227954284974885e-05
1.2225814772965273e-05
1.2223675635471242e-05
1.222153687218046e-05
1.2219398482967168e-05
1.2217260467882738e-05
1.2215122827050257e-05
1.221298556027225e-05
1.2210848667256736e-05
1.2208712148395766e-05
1.220657600295382e-05
1.2204440231494744e-05
1.2202304833826512e-05
1.2200169809846384e-05
1.2198035159093255e-05
1.2195900882128302e-05
1.2193766978513435e-05
1.2191633448151252e-05
1.218950029128248e-05
1.2187367507594786e-05
1.218523509713409e-05
1.2183103059585392e-05
1.2180971395166404e-05
1.2178840103879792e-05
1.2176709185161712e-05
1.217457863957334e-05
1.2172448466702274e-05
1.2170318666551177e-05
1.2168189238965946e-05
1.2166060183929011e-05
1.2163931501586362e-05
1.2161803191714958e-05
1.215967525409975e-05
1.2157547688686706e-05
1.2155420495773253e-05
1.2153293675162036e-05
1.2151167226174232e-05
1.2149041149683357e-05
1.2146915445176932e-05
1.2144790112342624e-05
1.2142665151567156e-05
1.214054056243812e-05
1.2138416345124527e-05
1.2136292499506068e-05
1.2134169025433972e-05
1.2132045923108383e-05
1.2129923192160144e-05
1.2127800832612277e-05
1.2125678844347141e-05
1.2123557227459357e-05
1.2121435981828621e-05
1.2119315107185852e-05
1.211719460353105e-05
1.2115074471158978e-05
1.2112954709749188e-05
1.2110835318889273e-05
1.2108716299117398e-05
1.2106597650138796e-05
1.2104479371735755e-05
1.2102361464174692e-05
1.2100243926945792e-05
1.209812676038986e-05
1.2096009964114726e-05
1.2093893538269162e-05
1.2091777482853168e-05
1.2089661797600332e-05
1.208754648240525e-05
1.2085431537522095e-05
1.2083316962556038e-05
1.208120275777349e-05
1.2079088922547e-05
1.2076975457478334e-05
1.207486236201443e-05
1.2072749636490641e-05
1.2070637280276847e-05
1.2068525294103237e-05
1.2066413677188255e-05
1.2064302429875368e-05
1.2062191551898162e-05
1.206008104327699e-05
1.2057970903940129e-05
1.2055861133767274e-05
1.2053751732515032e-05
1.2051642700813514e-05
1.2049534037620203e-05
1.2047425743808607e-05
1.2045317818699913e-05
1.204321026250916e-05
1.2041103074775244e-05
1.203899625598496e-05
1.2036889805920589e-05
1.2034783724413128e-05
1.2032678011142124e-05
1.2030572666645741e-05
1.2028467690219473e-05
1.2026363082026999e-05
1.2024258842391432e-05
1.2022154970849e-05
1.2020051467179324e-05
1.2017948331846179e-05
1.2015845564337088e-05
1.2013743164969835e-05
1.2011641133037247e-05
1.2009539469172113e-05
1.2007438173010723e-05
1.2005337244527398e-05
1.2003236683699117e-05
1.2001136490405577e-05
1.1999036664495336e-05
1.1996937205902122e-05
1.1994838114640837e-05
1.1992739390770967e-05
1.1990641034335765e-05
1.1988543044676763e-05
1.1986445422383492e-05
1.198434816686642e-05
1.1982251278151234e-05
1.1980154756724727e-05
1.1978058601956778e-05
1.1975962813990715e-05
1.1973867392680548e-05
1.1971772338172262e-05
1.1969677650102161e-05
1.1967583328470245e-05
1.1965489373250825e-05
1.196339578446959e-05
1.1961302561806087e-05
1.1959209705655154e-05
1.195711721569901e-05
1.195502509196067e-05
1.1952933334002046e-05
1.19508419420692e-05
1.1948750916328475e-05
1.1946660256172775e-05
1.1944569962017166e-05
1.1942480033228869e-05
1.1940390470655712e-05
1.1938301273232153e-05
1.1936212441688382e-05
1.1934123975291545e-05
1.193203587464874e-05
1.1929948139178554e-05
1.1927860769098696e-05
1.192577376394806e-05
1.1923687124236459e-05
1.1921600849623085e-05
1.1919514939792943e-05
1.1917429395353133e-05
1.1915344215504528e-05
1.1913259400531107e-05
1.1911174950535612e-05
1.1909090865079953e-05
1.1907007144212832e-05
1.1904923788054554e-05
1.1902840796433447e-05
1.190075816893977e-05
1.1898675906421355e-05
1.1896594007835674e-05
1.1894512473543766e-05
1.1892431303597003e-05
1.1890350497605994e-05
1.1888270055934443e-05
1.1886189977949568e-05
1.188411026428415e-05
1.188203091440548e-05
1.1879951928139097e-05
1.1877873305877173e-05
1.1875795047253224e-05
1.1873717151926561e-05
1.187163962058134e-05
1.1869562452433335e-05
1.1867485648072077e-05
1.1865409206959407e-05
1.1863333129144024e-05
1.1861257414382535e-05
1.1859182062969702e-05
1.185710707480279e-05
1.1855032449303052e-05
1.1852958187343998e-05
1.185088428783174e-05
1.1848810751373373e-05
1.1846737577848595e-05
1.1844664766913932e-05
1.1842592318669462e-05
1.1840520233063817e-05
1.1838448510174044e-05
1.1836377149536375e-05
1.1834306151268445e-05
1.1832235515521698e-05
1.183016524202439e-05
1.1828095330999557e-05
1.1826025781763053e-05
1.1823956594801667e-05
1.1821887769897693e-05
1.1819819306756362e-05
1.1817751205890148e-05
1.1815683466668941e-05
1.1813616089284762e-05
1.1811549073494219e-05
1.1809482419566391e-05
1.1807416127180832e-05
1.180535019651466e-05
1.1803284626978349e-05
1.1801219418915369e-05
1.1799154572420337e-05
1.1797090086937527e-05
1.1795025962902362e-05
1.1792962200071445e-05
1.1790898797957983e-05
1.1788835757097475e-05
1.1786773077249184e-05
1.178471075841045e-05
1.1782648800068795e-05
1.178058720298009e-05
1.1778525966270825e-05
1.1776465090107342e-05
1.1774404574979095e-05
1.1772344420009913e-05
1.1770284625612195e-05
1.1768225191491176e-05
1.1766166117847004e-05
1.1764107404556585e-05
1.1762049051179165e-05
1.1759991058178517e-05
1.1757933425167922e-05
1.1755876152365091e-05
1.1753819239375185e-05
1.1751762686449721e-05
1.1749706493024851e-05
1.1747650659756374e-05
1.1745595185870853e-05
1.1743540071603566e-05
1.1741485317154655e-05
1.1739430922206337e-05
1.1737376886420597e-05
1.1735323210378848e-05
1.1733269893422621e-05
1.1731216935823665e-05
1.1729164337748319e-05
1.1727112098346093e-05
1.1725060218080758e-05
1.1723008697195712e-05
1.1720957534909396e-05
1.17189067315883e-05
1.1716856287186381e-05
1.1714806201531969e-05
1.1712756474499307e-05
1.1710707106139763e-05
1.170865809633303e-05
1.1706609444981705e-05
1.1704561152131823e-05
1.1702513217760367e-05
1.1700465641724011e-05
1.1698418423702306e-05
1.1696371564233414e-05
1.1694325062561461e-05
1.1692278919247629e-05
1.169023313372807e-05
1.16881877063259e-05
1.168614263679239e-05
1.1684097924835441e-05
1.1682053570872913e-05
1.1680009574463926e-05
1.1677965935728908e-05
1.1675922654696208e-05
1.1673879731119764e-05
1.1671837164925189e-05
1.1669794956212555e-05
1.166775310471278e-05
1.166571161074365e-05
1.1663670473743982e-05
1.166162969376248e-05
1.1659589271016861e-05
1.1657549205340775e-05
1.1655509496488164e-05
1.1653470144436006e-05
1.1651431149347982e-05
1.1649392511211853e-05
1.1647354229461107e-05
1.1645316304408082e-05
1.164327873610959e-05
1.1641241523927405e-05
1.1639204668568692e-05
1.1637168169669753e-05
1.1635132026769474e-05
1.1633096240177528e-05
1.1631060810045355e-05
1.1629025735665782e-05
1.1626991017771667e-05
1.1624956655555765e-05
1.1622922649579257e-05
1.1620888999160659e-05
1.161885570473806e-05
1.161682276611943e-05
1.1614790183302104e-05
1.16127579559683e-05
1.1610726084266793e-05
1.160869456809751e-05
1.1606663407317127e-05
1.1604632601851254e-05
1.1602602151797303e-05
1.1600572056888854e-05
1.1598542317343622e-05
1.159651293313592e-05
1.1594483903735703e-05
1.1592455229429622e-05
1.1590426909802606e-05
1.1588398945369797e-05
1.1586371335936501e-05
1.1584344080772529e-05
1.1582317180556702e-05
1.158029063507131e-05
1.157826444414734e-05
1.1576238607710408e-05
1.1574213125614523e-05
1.1572187998249069e-05
1.1570163225032638e-05
1.156813880588817e-05
1.1566114741253758e-05
1.1564091030304593e-05
1.1562067673891166e-05
1.1560044671624094e-05
1.155802202279887e-05
1.155599972812e-05
1.1553977787513096e-05
1.1551956200422429e-05
1.1549934967040027e-05
1.1547914087291502e-05
1.1545893561276923e-05
1.154387338870153e-05
1.1541853569665392e-05
1.1539834104288815e-05
1.1537814991744321e-05
1.1535796232739085e-05
1.153377782697834e-05
1.1531759774075363e-05
1.1529742074711642e-05
1.1527724728154323e-05
1.1525707734429088e-05
1.1523691093779337e-05
1.1521674806010373e-05
1.1519658871099177e-05
1.1517643288825376e-05
1.1515628058994273e-05
1.1513613182238652e-05
1.1511598657682335e-05
1.1509584485837797e-05
1.1507570666192561e-05
1.1505557198990024e-05
1.1503544083766413e-05
1.1501531321180194e-05
1.1499518910698657e-05
1.1497506852439441e-05
1.1495495145967124e-05
1.1493483791473733e-05
1.1491472789108042e-05
1.148946213845486e-05
1.1487451839634613e-05
1.1485441892455276e-05
1.1483432297111538e-05
1.1481423053308638e-05
1.1479414161390041e-05
1.1477405620599873e-05
1.1475397431204553e-05
1.147338959325545e-05
1.1471382106678171e-05
1.1469374971303712e-05
1.1467368187055018e-05
1.1465361754278224e-05
1.1463355672214788e-05
1.1461349941402876e-05
1.1459344561330007e-05
1.1457339531944815e-05
1.1455334853667819e-05
1.1453330526104183e-05
1.1451326549328296e-05
1.1449322923122445e-05
1.1447319647266254e-05
1.1445316722172123e-05
1.1443314147404634e-05
1.144131192300982e-05
1.1439310049159361e-05
1.1437308525246152e-05
1.1435307351731307e-05
1.1433306528322724e-05
1.1431306055069105e-05
1.1429305931801444e-05
1.1427306158396646e-05
1.142530673497514e-05
1.1423307661247494e-05
1.1421308937428751e-05
1.141931056337825e-05
1.1417312539119013e-05
1.1415314864038491e-05
1.1413317538992629e-05
1.1411320562813148e-05
1.1409323936568256e-05
1.1407327659433141e-05
1.1405331731599831e-05
1.1403336153045306e-05
1.140134092362358e-05
1.1399346043337316e-05
1.1397351512083775e-05
1.1395357329719635e-05
1.1393363496344968e-05
1.1391370011785314e-05
1.138937687589468e-05
1.1387384088893446e-05
1.138539165063829e-05
1.1383399561052158e-05
1.1381407819917335e-05
1.1379416427233824e-05
1.1377425382881317e-05
1.1375434687249202e-05
1.137344433957894e-05
1.137145434040869e-05
1.1369464689251663e-05
1.1367475386205264e-05
1.1365486431441166e-05
1.1363497824495597e-05
1.1361509565391576e-05
1.1359521654375162e-05
1.1357534091251665e-05
1.1355546875651931e-05
1.1353560007993816e-05
1.1351573487741825e-05
1.1349587315136687e-05
1.13476014901297e-05
1.134561601240853e-05
1.1343630882285511e-05
1.1341646099396942e-05
1.1339661663937515e-05
1.1337677575569212e-05
1.133569383436097e-05
1.1333710440118098e-05
1.1331727393158377e-05
1.132974469294631e-05
1.1327762339848388e-05
1.1325780333254728e-05
1.1323798673918533e-05
1.132181736120969e-05
1.1319836394859118e-05
1.1317855775279218e-05
1.1315875502375376e-05
1.1313895575586404e-05
1.1311915995642498e-05
1.1309936761836481e-05
1.1307957874463127e-05
1.1305979333253345e-05
1.1304001138181457e-05
1.130202328932185e-05
1.1300045786508178e-05
1.1298068629612023e-05
1.1296091818905128e-05
1.1294115353895372e-05
1.1292139234493463e-05
1.1290163461252465e-05
1.1288188033398938e-05
1.128621295148861e-05
1.1284238214914382e-05
1.1282263823919653e-05
1.1280289778212321e-05
1.12783160783022e-05
1.1276342723315775e-05
1.1274369713908845e-05
1.1272397049425613e-05
1.1270424730470513e-05
1.1268452756270097e-05
1.126648112732873e-05
1.1264509843242122e-05
1.1262538903976473e-05
1.1260568309877916e-05
1.1258598060531384e-05
1.1256628155644769e-05
1.1254658595510182e-05
1.1252689379884217e-05
1.1250720509230652e-05
1.1248751982790947e-05
1.124678380069086e-05
1.1244815963099398e-05
1.1242848469796185e-05
1.1240881320832588e-05
1.1238914515721816e-05
1.1236948054896626e-05
1.1234981938488106e-05
1.123301616563498e-05
1.1231050737095787e-05
1.1229085652263426e-05
1.1227120911137903e-05
1.1225156513862536e-05
1.1223192460411642e-05
1.1221228750498578e-05
1.1219265384240978e-05
1.1217302361226437e-05
1.121533968235682e-05
1.121337734626649e-05
1.1211415353662619e-05
1.1209453704570887e-05
1.1207492398527523e-05
1.1205531435458138e-05
1.1203570815923916e-05
1.1201610539168977e-05
1.1199650605319084e-05
1.1197691014517557e-05
1.119573176671303e-05
1.1193772861593167e-05
1.1191814299278275e-05
1.1189856079622365e-05
1.118789820238204e-05
1.118594066799539e-05
1.1183983476024324e-05
1.1182026626443157e-05
1.1180070119546659e-05
1.1178113954627656e-05
1.1176158132147253e-05
1.1174202651670034e-05
1.1172247513582713e-05
1.1170292717301214e-05
1.1168338263486668e-05
1.1166384151234548e-05
1.1164430381203319e-05
1.1162476952811568e-05
1.1160523866125567e-05
1.115857112127107e-05
1.1156618718225062e-05
1.1154666656741477e-05
1.1152714936676993e-05
1.1150763558200618e-05
1.114881252111766e-05
1.114686182535373e-05
1.1144911470983216e-05
1.1142961457785741e-05
1.1141011785838358e-05
1.1139062454966606e-05
1.1137113465367966e-05
1.1135164816650265e-05
1.1133216508936595e-05
1.113126854190917e-05
1.112932091569108e-05
1.1127373630648695e-05
1.112542668617225e-05
1.112348008218736e-05
1.1121533818768409e-05
1.1119587896110093e-05
1.1117642313774317e-05
1.1115697071835478e-05
1.111375217038819e-05
1.1111807609043069e-05
1.1109863388069194e-05
1.1107919507248856e-05
1.1105975966582053e-05
1.110403276599173e-05
1.110208990531155e-05
1.110014738456186e-05
1.1098205203722308e-05
1.1096263362790232e-05
1.109432186164799e-05
1.1092380700169824e-05
1.1090439878186726e-05
1.1088499395942093e-05
1.1086559253141159e-05
1.108461944986098e-05
1.108267998590686e-05
1.1080740861201745e-05
1.1078802076091772e-05
1.1076863629938707e-05
1.1074925523183422e-05
1.1072987755487781e-05
1.1071050326651762e-05
1.1069113236678028e-05
1.1067176486248068e-05
1.1065240074267988e-05
1.1063304000929816e-05
1.1061368266476948e-05
1.1059432870886366e-05
1.1057497813794369e-05
1.1055563095369964e-05
1.105362871558747e-05
1.105169467408318e-05
1.1049760971028772e-05
1.1047827606226884e-05
1.1045894579628817e-05
1.1043961891308957e-05
1.10420295412186e-05
1.1040097529211757e-05
1.1038165855239724e-05
1.1036234519328184e-05
1.1034303521400086e-05
1.1032372861143098e-05
1.1030442538700544e-05
1.102851255412379e-05
1.102658290711807e-05
1.1024653598001174e-05
1.1022724626042908e-05
1.1020795991973462e-05
1.1018867695036964e-05
1.1016939735576882e-05
1.1015012113736536e-05
1.1013084828860132e-05
1.1011157881191063e-05
1.1009231270752346e-05
1.1007304997546648e-05
1.1005379061279204e-05
1.1003453461855393e-05
1.1001528199638918e-05
1.0999603273919939e-05
1.0997678685239288e-05
1.0995754433402268e-05
1.0993830518165487e-05
1.0991906939477573e-05
1.0989983697312842e-05
1.0988060791553654e-05
1.0986138222612416e-05
1.0984215989830657e-05
1.0982294093431424e-05
1.0980372533334996e-05
1.0978451309254727e-05
1.0976530421479928e-05
1.0974609869695601e-05
1.0972689654122126e-05
1.0970769774464735e-05
1.0968850230554422e-05
1.0966931022829274e-05
1.0965012150851201e-05
1.0963093614425514e-05
1.0961175413646828e-05
1.095925754868961e-05
1.0957340019284774e-05
1.0955422825188922e-05
1.0953505966619772e-05
1.0951589443603005e-05
1.0949673255700533e-05
1.0947757403376127e-05
1.0945841885945637e-05
1.0943926703798451e-05
1.0942011856814261e-05
1.094009734470097e-05
1.093818316772499e-05
1.0936269325694298e-05
1.0934355818314124e-05
1.0932442645953623e-05
1.0930529808217958e-05
1.0928617305376208e-05
1.0926705136846963e-05
1.0924793302993922e-05
1.092288180366843e-05
1.092097063880143e-05
1.0919059808244266e-05
1.0917149312194298e-05
1.0915239150405465e-05
1.091332932273444e-05
1.0911419829273183e-05
1.0909510669955418e-05
1.090760184472978e-05
1.0905693353352868e-05
1.0903785196042397e-05
1.0901877372360278e-05
1.0899969882601276e-05
1.0898062726639634e-05
1.0896155904406415e-05
1.0894249415852916e-05
1.0892343260902084e-05
1.089043743899819e-05
1.088853195120944e-05
1.0886626796367556e-05
1.0884721975033715e-05
1.0882817486941508e-05
1.088091333206258e-05
1.0879009510473986e-05
1.0877106021906646e-05
1.0875202866334874e-05
1.087330004383306e-05
1.0871397554157805e-05
1.0869495397721515e-05
1.086759357369938e-05
1.0865692082478119e-05
1.0863790924132124e-05
1.0861890098394977e-05
1.0859989605238325e-05
1.0858089444687859e-05
1.0856189616382538e-05
1.0854290120414319e-05
1.0852390957100985e-05
1.0850492126032797e-05
1.0848593626863623e-05
1.084669546037502e-05
1.0844797625693472e-05
1.084290012334636e-05
1.0841002952637297e-05
1.0839106114070643e-05
1.0837209607308381e-05
1.0835313432324822e-05
1.0833417589366036e-05
1.0831522077968244e-05
1.0829626898349158e-05
1.0827732050096375e-05
1.0825837533573594e-05
1.082394334846582e-05
1.0822049494750032e-05
1.0820155972349175e-05
1.0818262781340306e-05
1.081636992164637e-05
1.0814477393149727e-05
1.0812585195386606e-05
1.081069332918181e-05
1.0808801793736218e-05
1.0806910589462238e-05
1.0805019716116468e-05
1.0803129173258156e-05
1.0801238961402444e-05
1.0799349080254568e-05
1.0797459529645517e-05
1.0795570310039067e-05
1.0793681420676676e-05
1.079179286182743e-05
1.078990463361708e-05
1.0788016735433078e-05
1.0786129167810923e-05
1.0784241930484198e-05
1.0782355023306913e-05
1.078046844620468e-05
1.077858219944658e-05
1.0776696282620207e-05
1.0774810695674197e-05
1.0772925438582857e-05
1.0771040511397563e-05
1.0769155914192701e-05
1.0767271646455793e-05
1.0765387708599244e-05
1.076350410042836e-05
1.0761620821556422e-05
1.0759737872370152e-05
1.0757855252700538e-05
1.0755972962473194e-05
1.0754091001324417e-05
1.0752209369692298e-05
1.0750328067307758e-05
1.0748447093758387e-05
1.0746566449530982e-05
1.0744686134599855e-05
1.0742806148286188e-05
1.074092649124312e-05
1.0739047162840528e-05
1.0737168163296126e-05
1.0735289492661283e-05
1.0733411150692604e-05
1.0731533137118343e-05
1.0729655452402271e-05
1.072777809637538e-05
1.0725901068333166e-05
1.0724024369172163e-05
1.072214799804454e-05
1.0720271955311334e-05
1.07183962410983e-05
1.0716520854892964e-05
1.0714645796643952e-05
1.0712771066746107e-05
1.0710896664561193e-05
1.070902259065039e-05
1.0707148844603957e-05
1.0705275426075762e-05
1.0703402335847365e-05
1.0701529572942511e-05
1.0699657137950733e-05
1.0697785030308184e-05
1.0695913250501655e-05
1.069404179812141e-05
1.0692170673256735e-05
1.069029987564667e-05
1.0688429405411517e-05
1.068655926240529e-05
1.0684689446553597e-05
1.0682819958125522e-05
1.068095079648828e-05
1.0679081961979891e-05
1.067721345472611e-05
1.0675345274214458e-05
1.0673477420542345e-05
1.067160989378137e-05
1.0669742693565169e-05
1.0667875820191171e-05
1.0666009273556638e-05
1.0664143053495226e-05
1.0662277159709507e-05
1.0660411592645686e-05
1.0658546351834537e-05
1.065668143756816e-05
1.0654816849511204e-05
1.0652952587586613e-05
1.0651088651989084e-05
1.0649225042354915e-05
1.0647361759316884e-05
1.0645498801535045e-05
1.0643636170154651e-05
1.0641773864688913e-05
1.0639911884966155e-05
1.0638050231206758e-05
1.0636188902898242e-05
1.0634327900601787e-05
1.0632467223612888e-05
1.0630606872341286e-05
1.0628746846325874e-05
1.0626887146079127e-05
1.0625027771188641e-05
1.062316872130828e-05
1.0621309997053259e-05
1.0619451597859735e-05
1.0617593523945418e-05
1.0615735774974956e-05
1.0613878351089009e-05
1.061202125229024e-05
1.0610164478406977e-05
1.0608308029441886e-05
1.0606451905123219e-05
1.0604596105722723e-05
1.0602740631068723e-05
1.060088548103813e-05
1.0599030655510636e-05
1.0597176154603882e-05
1.0595321978008203e-05
1.0593468125695244e-05
1.0591614598054396e-05
1.0589761394916648e-05
1.0587908515600515e-05
1.0586055960736113e-05
1.0584203730036793e-05
1.0582351823302413e-05
1.0580500240707432e-05
1.0578648981882695e-05
1.0576798047171673e-05
1.0574947436061888e-05
1.0573097148848106e-05
1.0571247185453271e-05
1.0569397545928756e-05
1.0567548229667459e-05
1.0565699237419806e-05
1.0563850568166291e-05
1.0562002222637103e-05
1.0560154200465756e-05
1.0558306501723971e-05
1.0556459126271092e-05
1.0554612074030063e-05
1.0552765345000886e-05
1.0550918938796836e-05
1.054907285602235e-05
1.0547227096047312e-05
1.0545381659115116e-05
1.054353654495668e-05
1.05416917538154e-05
1.0539847285547956e-05
1.0538003139810877e-05
1.0536159316701569e-05
1.0534315816391706e-05
1.0532472638466218e-05
1.053062978295079e-05
1.0528787250014432e-05
1.0526945039488131e-05
1.0525103151371893e-05
1.0523261585201937e-05
1.0521420341854446e-05
1.0519579420092207e-05
1.0517738820637288e-05
1.0515898543254413e-05
1.0514058587743435e-05
1.0512218954327519e-05
1.0510379642809183e-05
1.0508540652847748e-05
1.0506701984806913e-05
1.050486363864343e-05
1.0503025613819133e-05
1.0501187910915437e-05
1.0499350529399632e-05
1.0497513469417709e-05
1.0495676730772306e-05
1.0493840313491777e-05
1.0492004217573452e-05
1.0490168442968632e-05
1.0488332989313613e-05
1.0486497857215493e-05
1.048466304582378e-05
1.0482828555625262e-05
1.0480994386276474e-05
1.0479160538146569e-05
1.0477327010723069e-05
1.0475493804198002e-05
1.0473660918428043e-05
1.047182835319548e-05
1.0469996108566583e-05
1.0468164184549472e-05
1.0466332581456477e-05
1.0464501298216728e-05
1.046267033592678e-05
1.0460839693759157e-05
1.045900937188287e-05
1.04571793703236e-05
1.0455349689055667e-05
1.0453520327666661e-05
1.0451691286374296e-05
1.0449862565347583e-05
1.0448034164274187e-05
1.044620608264163e-05
1.0444378321518119e-05
1.044255087993552e-05
1.0440723758154798e-05
1.0438896955914987e-05
1.043707047328236e-05
1.0435244310308284e-05
1.0433418466923824e-05
1.0431592942928835e-05
1.0429767738179994e-05
1.0427942852943713e-05
1.0426118287196976e-05
1.042429404040162e-05
1.0422470113001187e-05
1.0420646504795533e-05
1.0418823215446639e-05
1.0417000245123514e-05
1.041517759387486e-05
1.0413355261508652e-05
1.041153324787345e-05
1.0409711553169396e-05
1.0407890177296417e-05
1.040606911984211e-05
1.0404248381024186e-05
1.0402427960894012e-05
1.0400607859569232e-05
1.039878807646843e-05
1.039696861156592e-05
1.039514946532548e-05
1.0393330637257648e-05
1.039151212727047e-05
1.0389693935430216e-05
1.0387876062083023e-05
1.0386058506496033e-05
1.038424126908165e-05
1.0382424349501862e-05
1.0380607747977043e-05
1.0378791464261132e-05
1.0376975498305423e-05
1.0375159849940911e-05
1.0373344519603019e-05
1.0371529506638608e-05
1.0369714811483108e-05
1.0367900433529416e-05
1.0366086373310243e-05
1.0364272630267196e-05
1.0362459204477327e-05
1.0360646096201599e-05
1.0358833305127682e-05
1.0357020831281257e-05
1.0355208674510887e-05
1.0353396835016711e-05
1.035158531226324e-05
1.0349774106634524e-05
1.0347963217574833e-05
1.0346152645716953e-05
1.0344342390571422e-05
1.0342532452189613e-05
1.034072283037683e-05
1.0338913525107389e-05
1.0337104536601668e-05
1.0335295864857003e-05
1.0333487509051246e-05
1.0331679469737463e-05
1.0329871747236103e-05
1.03280643405966e-05
1.0326257250162423e-05
1.0324450476245902e-05
1.0322644018265626e-05
1.0320837876441973e-05
1.0319032050477509e-05
1.0317226540449292e-05
1.0315421346600712e-05
1.031361646836793e-05
1.0311811906097073e-05
1.0310007659616473e-05
1.0308203728585324e-05
1.0306400113218674e-05
1.0304596813693646e-05
1.0302793829397692e-05
1.0300991160791923e-05
1.0299188807320602e-05
1.0297386769270387e-05
1.0295585046623703e-05
1.0293783639203429e-05
1.02919825471123e-05
1.0290181770129942e-05
1.02883813079359e-05
1.02865811609507e-05
1.0284781328948513e-05
1.02829818118604e-05
1.0281182609712047e-05
1.027938372220869e-05
1.0277585149593723e-05
1.0275786891575048e-05
1.0273988948298774e-05
1.0272191319449782e-05
1.027039400507678e-05
1.0268597005346103e-05
1.0266800320117098e-05
1.026500394912068e-05
1.0263207892597586e-05
1.0261412150138073e-05
1.0259616721934168e-05
1.025782160771679e-05
1.0256026807780704e-05
1.025423232193122e-05
1.0252438149681543e-05
1.0250644291905186e-05
1.0248850747508256e-05
1.0247057517392621e-05
1.0245264600730806e-05
1.0243471997837804e-05
1.0241679708590646e-05
1.0239887732774289e-05
1.0238096070824152e-05
1.0236304722279131e-05
1.0234513687136558e-05
1.0232722965204406e-05
1.0230932556482674e-05
1.0229142461381104e-05
1.0227352679297927e-05
1.0225563210422504e-05
1.0223774054731817e-05
1.022198521205686e-05
1.0220196682202938e-05
1.0218408465582455e-05
1.0216620561465221e-05
1.0214832970361051e-05
1.0213045692298295e-05
1.0211258726618483e-05
1.0209472073682652e-05
1.020768573342453e-05
1.0205899705643977e-05
1.0204113990538469e-05
1.0202328587521138e-05
1.0200543497130151e-05
1.0198758718878714e-05
1.019697425325095e-05
1.0195190099762737e-05
1.0193406258024687e-05
1.019162272886161e-05
1.018983951169209e-05
1.0188056606467428e-05
1.0186274013184955e-05
1.0184491731678331e-05
1.0182709762113896e-05
1.018092810454302e-05
1.0179146758453226e-05
1.0177365724136613e-05
1.0175585001375472e-05
1.0173804590387509e-05
1.0172024490637234e-05
1.0170244702514151e-05
1.016846522592352e-05
1.01666860604476e-05
1.0164907206258071e-05
1.0163128663503707e-05
1.0161350431740966e-05
1.0159572511218695e-05
1.0157794901982814e-05
1.0156017603449244e-05
1.0154240615812675e-05
1.015246393934219e-05
1.0150687573768706e-05
1.0148911518923218e-05
1.0147135774949048e-05
1.014536034126478e-05
1.014358521869523e-05
1.0141810406515656e-05
1.0140035904938319e-05
1.0138261713650887e-05
1.0136487833088782e-05
1.0134714262598872e-05
1.0132941002690966e-05
1.0131168052778197e-05
1.0129395413373045e-05
1.0127623083894098e-05
1.0125851064653684e-05
1.0124079355482799e-05
1.0122307956212432e-05
1.0120536866791215e-05
1.0118766087516577e-05
1.0116995617822008e-05
1.0115225458002274e-05
1.0113455607888366e-05
1.0111686067431576e-05
1.0109916836823939e-05
1.0108147915484037e-05
1.0106379303775572e-05
1.0104611001578242e-05
1.0102843008548573e-05
1.010107532505572e-05
1.0099307950779236e-05
1.009754088596518e-05
1.0095774129955086e-05
1.0094007683187044e-05
1.0092241545440675e-05
1.0090475716987727e-05
1.008871019733874e-05
1.0086944986568104e-05
1.0085180084796123e-05
1.0083415491607726e-05
1.0081651207323362e-05
1.0079887231522512e-05
1.0078123564456685e-05
1.0076360206412533e-05
1.007459715632185e-05
1.0072834414914823e-05
1.0071071982117064e-05
1.0069309857295791e-05
1.0067548041058104e-05
1.0065786533065982e-05
1.0064025333270726e-05
1.0062264441695352e-05
1.0060503857853068e-05
1.005874358264307e-05
1.0056983614828145e-05
1.0055223955453482e-05
1.0053464603809242e-05
1.0051705559729085e-05
1.00499468236998e-05
1.0048188395621317e-05
1.0046430274743215e-05
1.004467246162122e-05
1.0042914956255335e-05
1.0041157758310207e-05
1.0039400867731802e-05
1.00376442844971e-05
1.0035888008606103e-05
1.003413204010751e-05
1.0032376378978307e-05
1.0030621024777737e-05
1.0028865977777547e-05
1.002711123814408e-05
1.0025356805198514e-05
1.002360267925597e-05
1.0021848860462435e-05
1.0020095348210815e-05
1.0018342142862142e-05
1.001658924454484e-05
1.0014836652912775e-05
1.001308436762793e-05
1.0011332388833628e-05
1.0009580716773266e-05
1.0007829351280501e-05
1.0006078292378354e-05
1.0004327539554343e-05
1.0002577093220877e-05
1.0000826953039936e-05
9.999077119206215e-06